start=1408.073333
volume=97.000000
