start=6878.204667
volume=62.000000
